#X1-GRID
#   i                   xe(i)                   xc(i)                  dxc(i)                  dxc(i)                 rdxe(i)                 rdxc(i) dxc(i)/dxc(i-1)
   258
10000.0000000000000000
-.1945525291828793D+02
 uniform                  
    1  0.0000000000000000D+00  -.1945525291828793D+02  0.3891050583657587D+02  0.3891050583657587D+02  0.2570000000000000D-01  0.2570000000000000D-01              n/a
    2  0.3891050583657587D+02  0.1945525291828794D+02  0.3891050583657587D+02  0.3891050583657587D+02  0.2570000000000000D-01  0.2570000000000000D-01       1.00000000
    3  0.7782101167315174D+02  0.5836575875486380D+02  0.3891050583657587D+02  0.3891050583657587D+02  0.2570000000000000D-01  0.2570000000000000D-01       1.00000000
    4  0.1167315175097276D+03  0.9727626459143968D+02  0.3891050583657587D+02  0.3891050583657587D+02  0.2570000000000000D-01  0.2570000000000000D-01       1.00000000
    5  0.1556420233463035D+03  0.1361867704280156D+03  0.3891050583657587D+02  0.3891050583657587D+02  0.2570000000000000D-01  0.2570000000000000D-01       1.00000000
    6  0.1945525291828794D+03  0.1750972762645914D+03  0.3891050583657587D+02  0.3891050583657587D+02  0.2570000000000000D-01  0.2570000000000000D-01       1.00000000
    7  0.2334630350194552D+03  0.2140077821011673D+03  0.3891050583657587D+02  0.3891050583657587D+02  0.2570000000000000D-01  0.2570000000000000D-01       1.00000000
    8  0.2723735408560311D+03  0.2529182879377432D+03  0.3891050583657587D+02  0.3891050583657587D+02  0.2570000000000000D-01  0.2570000000000000D-01       1.00000000
    9  0.3112840466926070D+03  0.2918287937743190D+03  0.3891050583657587D+02  0.3891050583657587D+02  0.2570000000000000D-01  0.2570000000000000D-01       1.00000000
   10  0.3501945525291828D+03  0.3307392996108949D+03  0.3891050583657587D+02  0.3891050583657587D+02  0.2570000000000000D-01  0.2570000000000000D-01       1.00000000
   11  0.3891050583657587D+03  0.3696498054474708D+03  0.3891050583657587D+02  0.3891050583657587D+02  0.2570000000000000D-01  0.2570000000000000D-01       1.00000000
   12  0.4280155642023346D+03  0.4085603112840466D+03  0.3891050583657587D+02  0.3891050583657587D+02  0.2570000000000000D-01  0.2570000000000000D-01       1.00000000
   13  0.4669260700389104D+03  0.4474708171206225D+03  0.3891050583657587D+02  0.3891050583657587D+02  0.2570000000000000D-01  0.2570000000000000D-01       1.00000000
   14  0.5058365758754863D+03  0.4863813229571984D+03  0.3891050583657587D+02  0.3891050583657587D+02  0.2570000000000000D-01  0.2570000000000000D-01       1.00000000
   15  0.5447470817120623D+03  0.5252918287937744D+03  0.3891050583657587D+02  0.3891050583657587D+02  0.2570000000000000D-01  0.2570000000000000D-01       1.00000000
   16  0.5836575875486380D+03  0.5642023346303502D+03  0.3891050583657587D+02  0.3891050583657587D+02  0.2570000000000000D-01  0.2570000000000000D-01       1.00000000
   17  0.6225680933852140D+03  0.6031128404669259D+03  0.3891050583657587D+02  0.3891050583657587D+02  0.2570000000000000D-01  0.2570000000000000D-01       1.00000000
   18  0.6614785992217899D+03  0.6420233463035020D+03  0.3891050583657587D+02  0.3891050583657587D+02  0.2570000000000000D-01  0.2570000000000000D-01       1.00000000
   19  0.7003891050583657D+03  0.6809338521400778D+03  0.3891050583657587D+02  0.3891050583657587D+02  0.2570000000000000D-01  0.2570000000000000D-01       1.00000000
   20  0.7392996108949416D+03  0.7198443579766536D+03  0.3891050583657587D+02  0.3891050583657587D+02  0.2570000000000000D-01  0.2570000000000000D-01       1.00000000
   21  0.7782101167315175D+03  0.7587548638132296D+03  0.3891050583657587D+02  0.3891050583657587D+02  0.2570000000000000D-01  0.2570000000000000D-01       1.00000000
   22  0.8171206225680933D+03  0.7976653696498054D+03  0.3891050583657587D+02  0.3891050583657587D+02  0.2570000000000000D-01  0.2570000000000000D-01       1.00000000
   23  0.8560311284046692D+03  0.8365758754863812D+03  0.3891050583657587D+02  0.3891050583657587D+02  0.2570000000000000D-01  0.2570000000000000D-01       1.00000000
   24  0.8949416342412451D+03  0.8754863813229572D+03  0.3891050583657587D+02  0.3891050583657587D+02  0.2570000000000000D-01  0.2570000000000000D-01       1.00000000
   25  0.9338521400778209D+03  0.9143968871595330D+03  0.3891050583657587D+02  0.3891050583657587D+02  0.2570000000000000D-01  0.2570000000000000D-01       1.00000000
   26  0.9727626459143968D+03  0.9533073929961088D+03  0.3891050583657587D+02  0.3891050583657587D+02  0.2570000000000000D-01  0.2570000000000000D-01       1.00000000
   27  0.1011673151750973D+04  0.9922178988326848D+03  0.3891050583657587D+02  0.3891050583657587D+02  0.2570000000000000D-01  0.2570000000000000D-01       1.00000000
   28  0.1050583657587548D+04  0.1031128404669261D+04  0.3891050583657587D+02  0.3891050583657587D+02  0.2570000000000000D-01  0.2570000000000000D-01       1.00000000
   29  0.1089494163424125D+04  0.1070038910505837D+04  0.3891050583657587D+02  0.3891050583657587D+02  0.2570000000000000D-01  0.2570000000000000D-01       1.00000000
   30  0.1128404669260700D+04  0.1108949416342412D+04  0.3891050583657587D+02  0.3891050583657587D+02  0.2570000000000000D-01  0.2570000000000000D-01       1.00000000
   31  0.1167315175097276D+04  0.1147859922178988D+04  0.3891050583657587D+02  0.3891050583657587D+02  0.2570000000000000D-01  0.2570000000000000D-01       1.00000000
   32  0.1206225680933852D+04  0.1186770428015564D+04  0.3891050583657587D+02  0.3891050583657587D+02  0.2570000000000000D-01  0.2570000000000000D-01       1.00000000
   33  0.1245136186770428D+04  0.1225680933852140D+04  0.3891050583657587D+02  0.3891050583657587D+02  0.2570000000000000D-01  0.2570000000000000D-01       1.00000000
   34  0.1284046692607004D+04  0.1264591439688716D+04  0.3891050583657587D+02  0.3891050583657587D+02  0.2570000000000000D-01  0.2570000000000000D-01       1.00000000
   35  0.1322957198443580D+04  0.1303501945525292D+04  0.3891050583657587D+02  0.3891050583657587D+02  0.2570000000000000D-01  0.2570000000000000D-01       1.00000000
   36  0.1361867704280156D+04  0.1342412451361868D+04  0.3891050583657587D+02  0.3891050583657587D+02  0.2570000000000000D-01  0.2570000000000000D-01       1.00000000
   37  0.1400778210116731D+04  0.1381322957198443D+04  0.3891050583657587D+02  0.3891050583657587D+02  0.2570000000000000D-01  0.2570000000000000D-01       1.00000000
   38  0.1439688715953307D+04  0.1420233463035019D+04  0.3891050583657587D+02  0.3891050583657587D+02  0.2570000000000000D-01  0.2570000000000000D-01       1.00000000
   39  0.1478599221789883D+04  0.1459143968871595D+04  0.3891050583657587D+02  0.3891050583657587D+02  0.2570000000000000D-01  0.2570000000000000D-01       1.00000000
   40  0.1517509727626459D+04  0.1498054474708171D+04  0.3891050583657587D+02  0.3891050583657587D+02  0.2570000000000000D-01  0.2570000000000000D-01       1.00000000
   41  0.1556420233463035D+04  0.1536964980544747D+04  0.3891050583657587D+02  0.3891050583657587D+02  0.2570000000000000D-01  0.2570000000000000D-01       1.00000000
   42  0.1595330739299611D+04  0.1575875486381323D+04  0.3891050583657587D+02  0.3891050583657587D+02  0.2570000000000000D-01  0.2570000000000000D-01       1.00000000
   43  0.1634241245136187D+04  0.1614785992217899D+04  0.3891050583657587D+02  0.3891050583657587D+02  0.2570000000000000D-01  0.2570000000000000D-01       1.00000000
   44  0.1673151750972763D+04  0.1653696498054474D+04  0.3891050583657587D+02  0.3891050583657587D+02  0.2570000000000000D-01  0.2570000000000000D-01       1.00000000
   45  0.1712062256809338D+04  0.1692607003891050D+04  0.3891050583657587D+02  0.3891050583657587D+02  0.2570000000000000D-01  0.2570000000000000D-01       1.00000000
   46  0.1750972762645914D+04  0.1731517509727626D+04  0.3891050583657587D+02  0.3891050583657587D+02  0.2570000000000000D-01  0.2570000000000000D-01       1.00000000
   47  0.1789883268482490D+04  0.1770428015564202D+04  0.3891050583657587D+02  0.3891050583657587D+02  0.2570000000000000D-01  0.2570000000000000D-01       1.00000000
   48  0.1828793774319066D+04  0.1809338521400778D+04  0.3891050583657587D+02  0.3891050583657587D+02  0.2570000000000000D-01  0.2570000000000000D-01       1.00000000
   49  0.1867704280155642D+04  0.1848249027237354D+04  0.3891050583657587D+02  0.3891050583657587D+02  0.2570000000000000D-01  0.2570000000000000D-01       1.00000000
   50  0.1906614785992218D+04  0.1887159533073930D+04  0.3891050583657587D+02  0.3891050583657587D+02  0.2570000000000000D-01  0.2570000000000000D-01       1.00000000
   51  0.1945525291828794D+04  0.1926070038910506D+04  0.3891050583657587D+02  0.3891050583657587D+02  0.2570000000000000D-01  0.2570000000000000D-01       1.00000000
   52  0.1984435797665370D+04  0.1964980544747082D+04  0.3891050583657587D+02  0.3891050583657587D+02  0.2570000000000000D-01  0.2570000000000000D-01       1.00000000
   53  0.2023346303501945D+04  0.2003891050583657D+04  0.3891050583657587D+02  0.3891050583657587D+02  0.2570000000000000D-01  0.2570000000000000D-01       1.00000000
   54  0.2062256809338521D+04  0.2042801556420233D+04  0.3891050583657587D+02  0.3891050583657587D+02  0.2570000000000000D-01  0.2570000000000000D-01       1.00000000
   55  0.2101167315175097D+04  0.2081712062256809D+04  0.3891050583657587D+02  0.3891050583657587D+02  0.2570000000000000D-01  0.2570000000000000D-01       1.00000000
   56  0.2140077821011673D+04  0.2120622568093385D+04  0.3891050583657587D+02  0.3891050583657587D+02  0.2570000000000000D-01  0.2570000000000000D-01       1.00000000
   57  0.2178988326848249D+04  0.2159533073929961D+04  0.3891050583657587D+02  0.3891050583657587D+02  0.2570000000000000D-01  0.2570000000000000D-01       1.00000000
   58  0.2217898832684825D+04  0.2198443579766537D+04  0.3891050583657587D+02  0.3891050583657587D+02  0.2570000000000000D-01  0.2570000000000000D-01       1.00000000
   59  0.2256809338521401D+04  0.2237354085603113D+04  0.3891050583657587D+02  0.3891050583657587D+02  0.2570000000000000D-01  0.2570000000000000D-01       1.00000000
   60  0.2295719844357976D+04  0.2276264591439689D+04  0.3891050583657587D+02  0.3891050583657587D+02  0.2570000000000000D-01  0.2570000000000000D-01       1.00000000
   61  0.2334630350194552D+04  0.2315175097276264D+04  0.3891050583657587D+02  0.3891050583657587D+02  0.2570000000000000D-01  0.2570000000000000D-01       1.00000000
   62  0.2373540856031128D+04  0.2354085603112840D+04  0.3891050583657587D+02  0.3891050583657587D+02  0.2570000000000000D-01  0.2570000000000000D-01       1.00000000
   63  0.2412451361867704D+04  0.2392996108949416D+04  0.3891050583657587D+02  0.3891050583657587D+02  0.2570000000000000D-01  0.2570000000000000D-01       1.00000000
   64  0.2451361867704280D+04  0.2431906614785992D+04  0.3891050583657587D+02  0.3891050583657587D+02  0.2570000000000000D-01  0.2570000000000000D-01       1.00000000
   65  0.2490272373540856D+04  0.2470817120622568D+04  0.3891050583657587D+02  0.3891050583657587D+02  0.2570000000000000D-01  0.2570000000000000D-01       1.00000000
   66  0.2529182879377432D+04  0.2509727626459144D+04  0.3891050583657587D+02  0.3891050583657587D+02  0.2570000000000000D-01  0.2570000000000000D-01       1.00000000
   67  0.2568093385214007D+04  0.2548638132295720D+04  0.3891050583657587D+02  0.3891050583657587D+02  0.2570000000000000D-01  0.2570000000000000D-01       1.00000000
   68  0.2607003891050584D+04  0.2587548638132295D+04  0.3891050583657587D+02  0.3891050583657587D+02  0.2570000000000000D-01  0.2570000000000000D-01       1.00000000
   69  0.2645914396887159D+04  0.2626459143968872D+04  0.3891050583657587D+02  0.3891050583657587D+02  0.2570000000000000D-01  0.2570000000000000D-01       1.00000000
   70  0.2684824902723735D+04  0.2665369649805447D+04  0.3891050583657587D+02  0.3891050583657587D+02  0.2570000000000000D-01  0.2570000000000000D-01       1.00000000
   71  0.2723735408560311D+04  0.2704280155642023D+04  0.3891050583657587D+02  0.3891050583657587D+02  0.2570000000000000D-01  0.2570000000000000D-01       1.00000000
   72  0.2762645914396887D+04  0.2743190661478599D+04  0.3891050583657587D+02  0.3891050583657587D+02  0.2570000000000000D-01  0.2570000000000000D-01       1.00000000
   73  0.2801556420233463D+04  0.2782101167315175D+04  0.3891050583657587D+02  0.3891050583657587D+02  0.2570000000000000D-01  0.2570000000000000D-01       1.00000000
   74  0.2840466926070039D+04  0.2821011673151751D+04  0.3891050583657587D+02  0.3891050583657587D+02  0.2570000000000000D-01  0.2570000000000000D-01       1.00000000
   75  0.2879377431906615D+04  0.2859922178988327D+04  0.3891050583657587D+02  0.3891050583657587D+02  0.2570000000000000D-01  0.2570000000000000D-01       1.00000000
   76  0.2918287937743190D+04  0.2898832684824903D+04  0.3891050583657587D+02  0.3891050583657587D+02  0.2570000000000000D-01  0.2570000000000000D-01       1.00000000
   77  0.2957198443579766D+04  0.2937743190661478D+04  0.3891050583657587D+02  0.3891050583657587D+02  0.2570000000000000D-01  0.2570000000000000D-01       1.00000000
   78  0.2996108949416342D+04  0.2976653696498054D+04  0.3891050583657587D+02  0.3891050583657587D+02  0.2570000000000000D-01  0.2570000000000000D-01       1.00000000
   79  0.3035019455252918D+04  0.3015564202334630D+04  0.3891050583657587D+02  0.3891050583657587D+02  0.2570000000000000D-01  0.2570000000000000D-01       1.00000000
   80  0.3073929961089494D+04  0.3054474708171206D+04  0.3891050583657587D+02  0.3891050583657587D+02  0.2570000000000000D-01  0.2570000000000000D-01       1.00000000
   81  0.3112840466926070D+04  0.3093385214007782D+04  0.3891050583657587D+02  0.3891050583657587D+02  0.2570000000000000D-01  0.2570000000000000D-01       1.00000000
   82  0.3151750972762646D+04  0.3132295719844358D+04  0.3891050583657587D+02  0.3891050583657587D+02  0.2570000000000000D-01  0.2570000000000000D-01       1.00000000
   83  0.3190661478599221D+04  0.3171206225680934D+04  0.3891050583657587D+02  0.3891050583657587D+02  0.2570000000000000D-01  0.2570000000000000D-01       1.00000000
   84  0.3229571984435797D+04  0.3210116731517509D+04  0.3891050583657587D+02  0.3891050583657587D+02  0.2570000000000000D-01  0.2570000000000000D-01       1.00000000
   85  0.3268482490272373D+04  0.3249027237354085D+04  0.3891050583657587D+02  0.3891050583657587D+02  0.2570000000000000D-01  0.2570000000000000D-01       1.00000000
   86  0.3307392996108949D+04  0.3287937743190661D+04  0.3891050583657587D+02  0.3891050583657587D+02  0.2570000000000000D-01  0.2570000000000000D-01       1.00000000
   87  0.3346303501945525D+04  0.3326848249027237D+04  0.3891050583657587D+02  0.3891050583657587D+02  0.2570000000000000D-01  0.2570000000000000D-01       1.00000000
   88  0.3385214007782101D+04  0.3365758754863813D+04  0.3891050583657587D+02  0.3891050583657587D+02  0.2570000000000000D-01  0.2570000000000000D-01       1.00000000
   89  0.3424124513618677D+04  0.3404669260700389D+04  0.3891050583657587D+02  0.3891050583657587D+02  0.2570000000000000D-01  0.2570000000000000D-01       1.00000000
   90  0.3463035019455252D+04  0.3443579766536965D+04  0.3891050583657587D+02  0.3891050583657587D+02  0.2570000000000000D-01  0.2570000000000000D-01       1.00000000
   91  0.3501945525291828D+04  0.3482490272373540D+04  0.3891050583657587D+02  0.3891050583657587D+02  0.2570000000000000D-01  0.2570000000000000D-01       1.00000000
   92  0.3540856031128405D+04  0.3521400778210116D+04  0.3891050583657587D+02  0.3891050583657587D+02  0.2570000000000000D-01  0.2570000000000000D-01       1.00000000
   93  0.3579766536964980D+04  0.3560311284046692D+04  0.3891050583657587D+02  0.3891050583657587D+02  0.2570000000000000D-01  0.2570000000000000D-01       1.00000000
   94  0.3618677042801556D+04  0.3599221789883268D+04  0.3891050583657587D+02  0.3891050583657587D+02  0.2570000000000000D-01  0.2570000000000000D-01       1.00000000
   95  0.3657587548638132D+04  0.3638132295719844D+04  0.3891050583657587D+02  0.3891050583657587D+02  0.2570000000000000D-01  0.2570000000000000D-01       1.00000000
   96  0.3696498054474708D+04  0.3677042801556420D+04  0.3891050583657587D+02  0.3891050583657587D+02  0.2570000000000000D-01  0.2570000000000000D-01       1.00000000
   97  0.3735408560311284D+04  0.3715953307392996D+04  0.3891050583657587D+02  0.3891050583657587D+02  0.2570000000000000D-01  0.2570000000000000D-01       1.00000000
   98  0.3774319066147860D+04  0.3754863813229572D+04  0.3891050583657587D+02  0.3891050583657587D+02  0.2570000000000000D-01  0.2570000000000000D-01       1.00000000
   99  0.3813229571984436D+04  0.3793774319066148D+04  0.3891050583657587D+02  0.3891050583657587D+02  0.2570000000000000D-01  0.2570000000000000D-01       1.00000000
  100  0.3852140077821011D+04  0.3832684824902723D+04  0.3891050583657587D+02  0.3891050583657587D+02  0.2570000000000000D-01  0.2570000000000000D-01       1.00000000
  101  0.3891050583657587D+04  0.3871595330739299D+04  0.3891050583657587D+02  0.3891050583657587D+02  0.2570000000000000D-01  0.2570000000000000D-01       1.00000000
  102  0.3929961089494163D+04  0.3910505836575875D+04  0.3891050583657587D+02  0.3891050583657587D+02  0.2570000000000000D-01  0.2570000000000000D-01       1.00000000
  103  0.3968871595330739D+04  0.3949416342412451D+04  0.3891050583657587D+02  0.3891050583657587D+02  0.2570000000000000D-01  0.2570000000000000D-01       1.00000000
  104  0.4007782101167315D+04  0.3988326848249027D+04  0.3891050583657587D+02  0.3891050583657587D+02  0.2570000000000000D-01  0.2570000000000000D-01       1.00000000
  105  0.4046692607003891D+04  0.4027237354085603D+04  0.3891050583657587D+02  0.3891050583657587D+02  0.2570000000000000D-01  0.2570000000000000D-01       1.00000000
  106  0.4085603112840467D+04  0.4066147859922179D+04  0.3891050583657587D+02  0.3891050583657587D+02  0.2570000000000000D-01  0.2570000000000000D-01       1.00000000
  107  0.4124513618677042D+04  0.4105058365758754D+04  0.3891050583657587D+02  0.3891050583657587D+02  0.2570000000000000D-01  0.2570000000000000D-01       1.00000000
  108  0.4163424124513618D+04  0.4143968871595331D+04  0.3891050583657587D+02  0.3891050583657587D+02  0.2570000000000000D-01  0.2570000000000000D-01       1.00000000
  109  0.4202334630350194D+04  0.4182879377431906D+04  0.3891050583657587D+02  0.3891050583657587D+02  0.2570000000000000D-01  0.2570000000000000D-01       1.00000000
  110  0.4241245136186770D+04  0.4221789883268482D+04  0.3891050583657587D+02  0.3891050583657587D+02  0.2570000000000000D-01  0.2570000000000000D-01       1.00000000
  111  0.4280155642023346D+04  0.4260700389105057D+04  0.3891050583657587D+02  0.3891050583657587D+02  0.2570000000000000D-01  0.2570000000000000D-01       1.00000000
  112  0.4319066147859922D+04  0.4299610894941634D+04  0.3891050583657587D+02  0.3891050583657587D+02  0.2570000000000000D-01  0.2570000000000000D-01       1.00000000
  113  0.4357976653696498D+04  0.4338521400778211D+04  0.3891050583657587D+02  0.3891050583657587D+02  0.2570000000000000D-01  0.2570000000000000D-01       1.00000000
  114  0.4396887159533074D+04  0.4377431906614785D+04  0.3891050583657587D+02  0.3891050583657587D+02  0.2570000000000000D-01  0.2570000000000000D-01       1.00000000
  115  0.4435797665369650D+04  0.4416342412451362D+04  0.3891050583657587D+02  0.3891050583657587D+02  0.2570000000000000D-01  0.2570000000000000D-01       1.00000000
  116  0.4474708171206225D+04  0.4455252918287937D+04  0.3891050583657587D+02  0.3891050583657587D+02  0.2570000000000000D-01  0.2570000000000000D-01       1.00000000
  117  0.4513618677042801D+04  0.4494163424124514D+04  0.3891050583657587D+02  0.3891050583657587D+02  0.2570000000000000D-01  0.2570000000000000D-01       1.00000000
  118  0.4552529182879377D+04  0.4533073929961089D+04  0.3891050583657587D+02  0.3891050583657587D+02  0.2570000000000000D-01  0.2570000000000000D-01       1.00000000
  119  0.4591439688715953D+04  0.4571984435797665D+04  0.3891050583657587D+02  0.3891050583657587D+02  0.2570000000000000D-01  0.2570000000000000D-01       1.00000000
  120  0.4630350194552529D+04  0.4610894941634240D+04  0.3891050583657587D+02  0.3891050583657587D+02  0.2570000000000000D-01  0.2570000000000000D-01       1.00000000
  121  0.4669260700389104D+04  0.4649805447470817D+04  0.3891050583657587D+02  0.3891050583657587D+02  0.2570000000000000D-01  0.2570000000000000D-01       1.00000000
  122  0.4708171206225680D+04  0.4688715953307392D+04  0.3891050583657587D+02  0.3891050583657587D+02  0.2570000000000000D-01  0.2570000000000000D-01       1.00000000
  123  0.4747081712062256D+04  0.4727626459143969D+04  0.3891050583657587D+02  0.3891050583657587D+02  0.2570000000000000D-01  0.2570000000000000D-01       1.00000000
  124  0.4785992217898833D+04  0.4766536964980544D+04  0.3891050583657587D+02  0.3891050583657587D+02  0.2570000000000000D-01  0.2570000000000000D-01       1.00000000
  125  0.4824902723735408D+04  0.4805447470817120D+04  0.3891050583657587D+02  0.3891050583657587D+02  0.2570000000000000D-01  0.2570000000000000D-01       1.00000000
  126  0.4863813229571984D+04  0.4844357976653697D+04  0.3891050583657587D+02  0.3891050583657587D+02  0.2570000000000000D-01  0.2570000000000000D-01       1.00000000
  127  0.4902723735408560D+04  0.4883268482490272D+04  0.3891050583657587D+02  0.3891050583657587D+02  0.2570000000000000D-01  0.2570000000000000D-01       1.00000000
  128  0.4941634241245136D+04  0.4922178988326848D+04  0.3891050583657587D+02  0.3891050583657587D+02  0.2570000000000000D-01  0.2570000000000000D-01       1.00000000
  129  0.4980544747081712D+04  0.4961089494163423D+04  0.3891050583657587D+02  0.3891050583657587D+02  0.2570000000000000D-01  0.2570000000000000D-01       1.00000000
  130  0.5019455252918287D+04  0.5000000000000000D+04  0.3891050583657587D+02  0.3891050583657587D+02  0.2570000000000000D-01  0.2570000000000000D-01       1.00000000
  131  0.5058365758754863D+04  0.5038910505836575D+04  0.3891050583657587D+02  0.3891050583657587D+02  0.2570000000000000D-01  0.2570000000000000D-01       1.00000000
  132  0.5097276264591439D+04  0.5077821011673152D+04  0.3891050583657587D+02  0.3891050583657587D+02  0.2570000000000000D-01  0.2570000000000000D-01       1.00000000
  133  0.5136186770428015D+04  0.5116731517509726D+04  0.3891050583657587D+02  0.3891050583657587D+02  0.2570000000000000D-01  0.2570000000000000D-01       1.00000000
  134  0.5175097276264591D+04  0.5155642023346303D+04  0.3891050583657587D+02  0.3891050583657587D+02  0.2570000000000000D-01  0.2570000000000000D-01       1.00000000
  135  0.5214007782101167D+04  0.5194552529182879D+04  0.3891050583657587D+02  0.3891050583657587D+02  0.2570000000000000D-01  0.2570000000000000D-01       1.00000000
  136  0.5252918287937743D+04  0.5233463035019455D+04  0.3891050583657587D+02  0.3891050583657587D+02  0.2570000000000000D-01  0.2570000000000000D-01       1.00000000
  137  0.5291828793774319D+04  0.5272373540856031D+04  0.3891050583657587D+02  0.3891050583657587D+02  0.2570000000000000D-01  0.2570000000000000D-01       1.00000000
  138  0.5330739299610895D+04  0.5311284046692606D+04  0.3891050583657587D+02  0.3891050583657587D+02  0.2570000000000000D-01  0.2570000000000000D-01       1.00000000
  139  0.5369649805447470D+04  0.5350194552529183D+04  0.3891050583657587D+02  0.3891050583657587D+02  0.2570000000000000D-01  0.2570000000000000D-01       1.00000000
  140  0.5408560311284046D+04  0.5389105058365758D+04  0.3891050583657587D+02  0.3891050583657587D+02  0.2570000000000000D-01  0.2570000000000000D-01       1.00000000
  141  0.5447470817120622D+04  0.5428015564202335D+04  0.3891050583657587D+02  0.3891050583657587D+02  0.2570000000000000D-01  0.2570000000000000D-01       1.00000000
  142  0.5486381322957198D+04  0.5466926070038910D+04  0.3891050583657587D+02  0.3891050583657587D+02  0.2570000000000000D-01  0.2570000000000000D-01       1.00000000
  143  0.5525291828793774D+04  0.5505836575875486D+04  0.3891050583657587D+02  0.3891050583657587D+02  0.2570000000000000D-01  0.2570000000000000D-01       1.00000000
  144  0.5564202334630349D+04  0.5544747081712061D+04  0.3891050583657587D+02  0.3891050583657587D+02  0.2570000000000000D-01  0.2570000000000000D-01       1.00000000
  145  0.5603112840466925D+04  0.5583657587548638D+04  0.3891050583657587D+02  0.3891050583657587D+02  0.2570000000000000D-01  0.2570000000000000D-01       1.00000000
  146  0.5642023346303501D+04  0.5622568093385213D+04  0.3891050583657587D+02  0.3891050583657587D+02  0.2570000000000000D-01  0.2570000000000000D-01       1.00000000
  147  0.5680933852140078D+04  0.5661478599221789D+04  0.3891050583657587D+02  0.3891050583657587D+02  0.2570000000000000D-01  0.2570000000000000D-01       1.00000000
  148  0.5719844357976654D+04  0.5700389105058366D+04  0.3891050583657587D+02  0.3891050583657587D+02  0.2570000000000000D-01  0.2570000000000000D-01       1.00000000
  149  0.5758754863813229D+04  0.5739299610894941D+04  0.3891050583657587D+02  0.3891050583657587D+02  0.2570000000000000D-01  0.2570000000000000D-01       1.00000000
  150  0.5797665369649805D+04  0.5778210116731518D+04  0.3891050583657587D+02  0.3891050583657587D+02  0.2570000000000000D-01  0.2570000000000000D-01       1.00000000
  151  0.5836575875486381D+04  0.5817120622568093D+04  0.3891050583657587D+02  0.3891050583657587D+02  0.2570000000000000D-01  0.2570000000000000D-01       1.00000000
  152  0.5875486381322957D+04  0.5856031128404669D+04  0.3891050583657587D+02  0.3891050583657587D+02  0.2570000000000000D-01  0.2570000000000000D-01       1.00000000
  153  0.5914396887159533D+04  0.5894941634241244D+04  0.3891050583657587D+02  0.3891050583657587D+02  0.2570000000000000D-01  0.2570000000000000D-01       1.00000000
  154  0.5953307392996108D+04  0.5933852140077821D+04  0.3891050583657587D+02  0.3891050583657587D+02  0.2570000000000000D-01  0.2570000000000000D-01       1.00000000
  155  0.5992217898832684D+04  0.5972762645914396D+04  0.3891050583657587D+02  0.3891050583657587D+02  0.2570000000000000D-01  0.2570000000000000D-01       1.00000000
  156  0.6031128404669260D+04  0.6011673151750972D+04  0.3891050583657587D+02  0.3891050583657587D+02  0.2570000000000000D-01  0.2570000000000000D-01       1.00000000
  157  0.6070038910505836D+04  0.6050583657587547D+04  0.3891050583657587D+02  0.3891050583657587D+02  0.2570000000000000D-01  0.2570000000000000D-01       1.00000000
  158  0.6108949416342411D+04  0.6089494163424124D+04  0.3891050583657587D+02  0.3891050583657587D+02  0.2570000000000000D-01  0.2570000000000000D-01       1.00000000
  159  0.6147859922178988D+04  0.6128404669260700D+04  0.3891050583657587D+02  0.3891050583657587D+02  0.2570000000000000D-01  0.2570000000000000D-01       1.00000000
  160  0.6186770428015564D+04  0.6167315175097276D+04  0.3891050583657587D+02  0.3891050583657587D+02  0.2570000000000000D-01  0.2570000000000000D-01       1.00000000
  161  0.6225680933852140D+04  0.6206225680933852D+04  0.3891050583657587D+02  0.3891050583657587D+02  0.2570000000000000D-01  0.2570000000000000D-01       1.00000000
  162  0.6264591439688716D+04  0.6245136186770427D+04  0.3891050583657587D+02  0.3891050583657587D+02  0.2570000000000000D-01  0.2570000000000000D-01       1.00000000
  163  0.6303501945525291D+04  0.6284046692607004D+04  0.3891050583657587D+02  0.3891050583657587D+02  0.2570000000000000D-01  0.2570000000000000D-01       1.00000000
  164  0.6342412451361867D+04  0.6322957198443579D+04  0.3891050583657587D+02  0.3891050583657587D+02  0.2570000000000000D-01  0.2570000000000000D-01       1.00000000
  165  0.6381322957198443D+04  0.6361867704280156D+04  0.3891050583657587D+02  0.3891050583657587D+02  0.2570000000000000D-01  0.2570000000000000D-01       1.00000000
  166  0.6420233463035019D+04  0.6400778210116730D+04  0.3891050583657587D+02  0.3891050583657587D+02  0.2570000000000000D-01  0.2570000000000000D-01       1.00000000
  167  0.6459143968871595D+04  0.6439688715953307D+04  0.3891050583657587D+02  0.3891050583657587D+02  0.2570000000000000D-01  0.2570000000000000D-01       1.00000000
  168  0.6498054474708170D+04  0.6478599221789882D+04  0.3891050583657587D+02  0.3891050583657587D+02  0.2570000000000000D-01  0.2570000000000000D-01       1.00000000
  169  0.6536964980544746D+04  0.6517509727626459D+04  0.3891050583657587D+02  0.3891050583657587D+02  0.2570000000000000D-01  0.2570000000000000D-01       1.00000000
  170  0.6575875486381323D+04  0.6556420233463034D+04  0.3891050583657587D+02  0.3891050583657587D+02  0.2570000000000000D-01  0.2570000000000000D-01       1.00000000
  171  0.6614785992217899D+04  0.6595330739299610D+04  0.3891050583657587D+02  0.3891050583657587D+02  0.2570000000000000D-01  0.2570000000000000D-01       1.00000000
  172  0.6653696498054474D+04  0.6634241245136187D+04  0.3891050583657587D+02  0.3891050583657587D+02  0.2570000000000000D-01  0.2570000000000000D-01       1.00000000
  173  0.6692607003891050D+04  0.6673151750972762D+04  0.3891050583657587D+02  0.3891050583657587D+02  0.2570000000000000D-01  0.2570000000000000D-01       1.00000000
  174  0.6731517509727626D+04  0.6712062256809339D+04  0.3891050583657587D+02  0.3891050583657587D+02  0.2570000000000000D-01  0.2570000000000000D-01       1.00000000
  175  0.6770428015564202D+04  0.6750972762645913D+04  0.3891050583657587D+02  0.3891050583657587D+02  0.2570000000000000D-01  0.2570000000000000D-01       1.00000000
  176  0.6809338521400778D+04  0.6789883268482490D+04  0.3891050583657587D+02  0.3891050583657587D+02  0.2570000000000000D-01  0.2570000000000000D-01       1.00000000
  177  0.6848249027237353D+04  0.6828793774319065D+04  0.3891050583657587D+02  0.3891050583657587D+02  0.2570000000000000D-01  0.2570000000000000D-01       1.00000000
  178  0.6887159533073929D+04  0.6867704280155642D+04  0.3891050583657587D+02  0.3891050583657587D+02  0.2570000000000000D-01  0.2570000000000000D-01       1.00000000
  179  0.6926070038910505D+04  0.6906614785992217D+04  0.3891050583657587D+02  0.3891050583657587D+02  0.2570000000000000D-01  0.2570000000000000D-01       1.00000000
  180  0.6964980544747081D+04  0.6945525291828793D+04  0.3891050583657587D+02  0.3891050583657587D+02  0.2570000000000000D-01  0.2570000000000000D-01       1.00000000
  181  0.7003891050583657D+04  0.6984435797665368D+04  0.3891050583657587D+02  0.3891050583657587D+02  0.2570000000000000D-01  0.2570000000000000D-01       1.00000000
  182  0.7042801556420233D+04  0.7023346303501945D+04  0.3891050583657587D+02  0.3891050583657587D+02  0.2570000000000000D-01  0.2570000000000000D-01       1.00000000
  183  0.7081712062256809D+04  0.7062256809338522D+04  0.3891050583657587D+02  0.3891050583657587D+02  0.2570000000000000D-01  0.2570000000000000D-01       1.00000000
  184  0.7120622568093385D+04  0.7101167315175097D+04  0.3891050583657587D+02  0.3891050583657587D+02  0.2570000000000000D-01  0.2570000000000000D-01       1.00000000
  185  0.7159533073929961D+04  0.7140077821011673D+04  0.3891050583657587D+02  0.3891050583657587D+02  0.2570000000000000D-01  0.2570000000000000D-01       1.00000000
  186  0.7198443579766536D+04  0.7178988326848248D+04  0.3891050583657587D+02  0.3891050583657587D+02  0.2570000000000000D-01  0.2570000000000000D-01       1.00000000
  187  0.7237354085603112D+04  0.7217898832684825D+04  0.3891050583657587D+02  0.3891050583657587D+02  0.2570000000000000D-01  0.2570000000000000D-01       1.00000000
  188  0.7276264591439688D+04  0.7256809338521400D+04  0.3891050583657587D+02  0.3891050583657587D+02  0.2570000000000000D-01  0.2570000000000000D-01       1.00000000
  189  0.7315175097276264D+04  0.7295719844357976D+04  0.3891050583657587D+02  0.3891050583657587D+02  0.2570000000000000D-01  0.2570000000000000D-01       1.00000000
  190  0.7354085603112840D+04  0.7334630350194551D+04  0.3891050583657587D+02  0.3891050583657587D+02  0.2570000000000000D-01  0.2570000000000000D-01       1.00000000
  191  0.7392996108949415D+04  0.7373540856031128D+04  0.3891050583657587D+02  0.3891050583657587D+02  0.2570000000000000D-01  0.2570000000000000D-01       1.00000000
  192  0.7431906614785991D+04  0.7412451361867703D+04  0.3891050583657587D+02  0.3891050583657587D+02  0.2570000000000000D-01  0.2570000000000000D-01       1.00000000
  193  0.7470817120622567D+04  0.7451361867704280D+04  0.3891050583657587D+02  0.3891050583657587D+02  0.2570000000000000D-01  0.2570000000000000D-01       1.00000000
  194  0.7509727626459144D+04  0.7490272373540855D+04  0.3891050583657587D+02  0.3891050583657587D+02  0.2570000000000000D-01  0.2570000000000000D-01       1.00000000
  195  0.7548638132295720D+04  0.7529182879377431D+04  0.3891050583657587D+02  0.3891050583657587D+02  0.2570000000000000D-01  0.2570000000000000D-01       1.00000000
  196  0.7587548638132295D+04  0.7568093385214008D+04  0.3891050583657587D+02  0.3891050583657587D+02  0.2570000000000000D-01  0.2570000000000000D-01       1.00000000
  197  0.7626459143968871D+04  0.7607003891050583D+04  0.3891050583657587D+02  0.3891050583657587D+02  0.2570000000000000D-01  0.2570000000000000D-01       1.00000000
  198  0.7665369649805447D+04  0.7645914396887159D+04  0.3891050583657587D+02  0.3891050583657587D+02  0.2570000000000000D-01  0.2570000000000000D-01       1.00000000
  199  0.7704280155642023D+04  0.7684824902723734D+04  0.3891050583657587D+02  0.3891050583657587D+02  0.2570000000000000D-01  0.2570000000000000D-01       1.00000000
  200  0.7743190661478598D+04  0.7723735408560311D+04  0.3891050583657587D+02  0.3891050583657587D+02  0.2570000000000000D-01  0.2570000000000000D-01       1.00000000
  201  0.7782101167315174D+04  0.7762645914396886D+04  0.3891050583657587D+02  0.3891050583657587D+02  0.2570000000000000D-01  0.2570000000000000D-01       1.00000000
  202  0.7821011673151750D+04  0.7801556420233463D+04  0.3891050583657587D+02  0.3891050583657587D+02  0.2570000000000000D-01  0.2570000000000000D-01       1.00000000
  203  0.7859922178988326D+04  0.7840466926070038D+04  0.3891050583657587D+02  0.3891050583657587D+02  0.2570000000000000D-01  0.2570000000000000D-01       1.00000000
  204  0.7898832684824902D+04  0.7879377431906614D+04  0.3891050583657587D+02  0.3891050583657587D+02  0.2570000000000000D-01  0.2570000000000000D-01       1.00000000
  205  0.7937743190661478D+04  0.7918287937743190D+04  0.3891050583657587D+02  0.3891050583657587D+02  0.2570000000000000D-01  0.2570000000000000D-01       1.00000000
  206  0.7976653696498054D+04  0.7957198443579766D+04  0.3891050583657587D+02  0.3891050583657587D+02  0.2570000000000000D-01  0.2570000000000000D-01       1.00000000
  207  0.8015564202334630D+04  0.7996108949416343D+04  0.3891050583657587D+02  0.3891050583657587D+02  0.2570000000000000D-01  0.2570000000000000D-01       1.00000000
  208  0.8054474708171206D+04  0.8035019455252917D+04  0.3891050583657587D+02  0.3891050583657587D+02  0.2570000000000000D-01  0.2570000000000000D-01       1.00000000
  209  0.8093385214007782D+04  0.8073929961089494D+04  0.3891050583657587D+02  0.3891050583657587D+02  0.2570000000000000D-01  0.2570000000000000D-01       1.00000000
  210  0.8132295719844357D+04  0.8112840466926069D+04  0.3891050583657587D+02  0.3891050583657587D+02  0.2570000000000000D-01  0.2570000000000000D-01       1.00000000
  211  0.8171206225680933D+04  0.8151750972762646D+04  0.3891050583657587D+02  0.3891050583657587D+02  0.2570000000000000D-01  0.2570000000000000D-01       1.00000000
  212  0.8210116731517510D+04  0.8190661478599221D+04  0.3891050583657587D+02  0.3891050583657587D+02  0.2570000000000000D-01  0.2570000000000000D-01       1.00000000
  213  0.8249027237354085D+04  0.8229571984435797D+04  0.3891050583657587D+02  0.3891050583657587D+02  0.2570000000000000D-01  0.2570000000000000D-01       1.00000000
  214  0.8287937743190661D+04  0.8268482490272374D+04  0.3891050583657587D+02  0.3891050583657587D+02  0.2570000000000000D-01  0.2570000000000000D-01       1.00000000
  215  0.8326848249027236D+04  0.8307392996108949D+04  0.3891050583657587D+02  0.3891050583657587D+02  0.2570000000000000D-01  0.2570000000000000D-01       1.00000000
  216  0.8365758754863813D+04  0.8346303501945524D+04  0.3891050583657587D+02  0.3891050583657587D+02  0.2570000000000000D-01  0.2570000000000000D-01       1.00000000
  217  0.8404669260700388D+04  0.8385214007782100D+04  0.3891050583657587D+02  0.3891050583657587D+02  0.2570000000000000D-01  0.2570000000000000D-01       1.00000000
  218  0.8443579766536965D+04  0.8424124513618677D+04  0.3891050583657587D+02  0.3891050583657587D+02  0.2570000000000000D-01  0.2570000000000000D-01       1.00000000
  219  0.8482490272373539D+04  0.8463035019455252D+04  0.3891050583657587D+02  0.3891050583657587D+02  0.2570000000000000D-01  0.2570000000000000D-01       1.00000000
  220  0.8521400778210116D+04  0.8501945525291827D+04  0.3891050583657587D+02  0.3891050583657587D+02  0.2570000000000000D-01  0.2570000000000000D-01       1.00000000
  221  0.8560311284046691D+04  0.8540856031128404D+04  0.3891050583657587D+02  0.3891050583657587D+02  0.2570000000000000D-01  0.2570000000000000D-01       1.00000000
  222  0.8599221789883268D+04  0.8579766536964980D+04  0.3891050583657587D+02  0.3891050583657587D+02  0.2570000000000000D-01  0.2570000000000000D-01       1.00000000
  223  0.8638132295719844D+04  0.8618677042801555D+04  0.3891050583657587D+02  0.3891050583657587D+02  0.2570000000000000D-01  0.2570000000000000D-01       1.00000000
  224  0.8677042801556419D+04  0.8657587548638132D+04  0.3891050583657587D+02  0.3891050583657587D+02  0.2570000000000000D-01  0.2570000000000000D-01       1.00000000
  225  0.8715953307392996D+04  0.8696498054474709D+04  0.3891050583657587D+02  0.3891050583657587D+02  0.2570000000000000D-01  0.2570000000000000D-01       1.00000000
  226  0.8754863813229571D+04  0.8735408560311284D+04  0.3891050583657587D+02  0.3891050583657587D+02  0.2570000000000000D-01  0.2570000000000000D-01       1.00000000
  227  0.8793774319066148D+04  0.8774319066147858D+04  0.3891050583657587D+02  0.3891050583657587D+02  0.2570000000000000D-01  0.2570000000000000D-01       1.00000000
  228  0.8832684824902723D+04  0.8813229571984435D+04  0.3891050583657587D+02  0.3891050583657587D+02  0.2570000000000000D-01  0.2570000000000000D-01       1.00000000
  229  0.8871595330739299D+04  0.8852140077821012D+04  0.3891050583657587D+02  0.3891050583657587D+02  0.2570000000000000D-01  0.2570000000000000D-01       1.00000000
  230  0.8910505836575874D+04  0.8891050583657587D+04  0.3891050583657587D+02  0.3891050583657587D+02  0.2570000000000000D-01  0.2570000000000000D-01       1.00000000
  231  0.8949416342412451D+04  0.8929961089494162D+04  0.3891050583657587D+02  0.3891050583657587D+02  0.2570000000000000D-01  0.2570000000000000D-01       1.00000000
  232  0.8988326848249026D+04  0.8968871595330738D+04  0.3891050583657587D+02  0.3891050583657587D+02  0.2570000000000000D-01  0.2570000000000000D-01       1.00000000
  233  0.9027237354085602D+04  0.9007782101167315D+04  0.3891050583657587D+02  0.3891050583657587D+02  0.2570000000000000D-01  0.2570000000000000D-01       1.00000000
  234  0.9066147859922179D+04  0.9046692607003890D+04  0.3891050583657587D+02  0.3891050583657587D+02  0.2570000000000000D-01  0.2570000000000000D-01       1.00000000
  235  0.9105058365758754D+04  0.9085603112840467D+04  0.3891050583657587D+02  0.3891050583657587D+02  0.2570000000000000D-01  0.2570000000000000D-01       1.00000000
  236  0.9143968871595331D+04  0.9124513618677043D+04  0.3891050583657587D+02  0.3891050583657587D+02  0.2570000000000000D-01  0.2570000000000000D-01       1.00000000
  237  0.9182879377431906D+04  0.9163424124513618D+04  0.3891050583657587D+02  0.3891050583657587D+02  0.2570000000000000D-01  0.2570000000000000D-01       1.00000000
  238  0.9221789883268482D+04  0.9202334630350193D+04  0.3891050583657587D+02  0.3891050583657587D+02  0.2570000000000000D-01  0.2570000000000000D-01       1.00000000
  239  0.9260700389105057D+04  0.9241245136186770D+04  0.3891050583657587D+02  0.3891050583657587D+02  0.2570000000000000D-01  0.2570000000000000D-01       1.00000000
  240  0.9299610894941634D+04  0.9280155642023346D+04  0.3891050583657587D+02  0.3891050583657587D+02  0.2570000000000000D-01  0.2570000000000000D-01       1.00000000
  241  0.9338521400778209D+04  0.9319066147859921D+04  0.3891050583657587D+02  0.3891050583657587D+02  0.2570000000000000D-01  0.2570000000000000D-01       1.00000000
  242  0.9377431906614785D+04  0.9357976653696496D+04  0.3891050583657587D+02  0.3891050583657587D+02  0.2570000000000000D-01  0.2570000000000000D-01       1.00000000
  243  0.9416342412451360D+04  0.9396887159533073D+04  0.3891050583657587D+02  0.3891050583657587D+02  0.2570000000000000D-01  0.2570000000000000D-01       1.00000000
  244  0.9455252918287937D+04  0.9435797665369650D+04  0.3891050583657587D+02  0.3891050583657587D+02  0.2570000000000000D-01  0.2570000000000000D-01       1.00000000
  245  0.9494163424124512D+04  0.9474708171206225D+04  0.3891050583657587D+02  0.3891050583657587D+02  0.2570000000000000D-01  0.2570000000000000D-01       1.00000000
  246  0.9533073929961089D+04  0.9513618677042799D+04  0.3891050583657587D+02  0.3891050583657587D+02  0.2570000000000000D-01  0.2570000000000000D-01       1.00000000
  247  0.9571984435797665D+04  0.9552529182879378D+04  0.3891050583657587D+02  0.3891050583657587D+02  0.2570000000000000D-01  0.2570000000000000D-01       1.00000000
  248  0.9610894941634240D+04  0.9591439688715953D+04  0.3891050583657587D+02  0.3891050583657587D+02  0.2570000000000000D-01  0.2570000000000000D-01       1.00000000
  249  0.9649805447470817D+04  0.9630350194552528D+04  0.3891050583657587D+02  0.3891050583657587D+02  0.2570000000000000D-01  0.2570000000000000D-01       1.00000000
  250  0.9688715953307392D+04  0.9669260700389104D+04  0.3891050583657587D+02  0.3891050583657587D+02  0.2570000000000000D-01  0.2570000000000000D-01       1.00000000
  251  0.9727626459143969D+04  0.9708171206225681D+04  0.3891050583657587D+02  0.3891050583657587D+02  0.2570000000000000D-01  0.2570000000000000D-01       1.00000000
  252  0.9766536964980543D+04  0.9747081712062256D+04  0.3891050583657587D+02  0.3891050583657587D+02  0.2570000000000000D-01  0.2570000000000000D-01       1.00000000
  253  0.9805447470817120D+04  0.9785992217898831D+04  0.3891050583657587D+02  0.3891050583657587D+02  0.2570000000000000D-01  0.2570000000000000D-01       1.00000000
  254  0.9844357976653695D+04  0.9824902723735408D+04  0.3891050583657587D+02  0.3891050583657587D+02  0.2570000000000000D-01  0.2570000000000000D-01       1.00000000
  255  0.9883268482490272D+04  0.9863813229571984D+04  0.3891050583657587D+02  0.3891050583657587D+02  0.2570000000000000D-01  0.2570000000000000D-01       1.00000000
  256  0.9922178988326847D+04  0.9902723735408559D+04  0.3891050583657587D+02  0.3891050583657587D+02  0.2570000000000000D-01  0.2570000000000000D-01       1.00000000
  257  0.9961089494163423D+04  0.9941634241245134D+04  0.3891050583657587D+02  0.3891050583657587D+02  0.2570000000000000D-01  0.2570000000000000D-01       1.00000000
  258  0.1000000000000000D+05  0.9980544747081713D+04  0.3891050583657587D+02  0.3891050583657587D+02  0.2570000000000000D-01  0.2570000000000000D-01       1.00000000
