#X3-GRID
#   k                   ze(k)                   zc(k)                  dzc(k)                  dzc(k)                 rdze(k)                 rdzc(k) dzc(k)/dzc(k-1)
   258
 5000.0000000000000000
-.9727626459143965D+01
 uniform                  
    1  0.0000000000000000D+00  -.9727626459143965D+01  0.1945525291828794D+02  0.1945525291828794D+02  0.5140000000000000D-01  0.5140000000000000D-01              n/a
    2  0.1945525291828794D+02  0.9727626459143968D+01  0.1945525291828794D+02  0.1945525291828794D+02  0.5140000000000000D-01  0.5140000000000000D-01       1.00000000
    3  0.3891050583657587D+02  0.2918287937743190D+02  0.1945525291828794D+02  0.1945525291828794D+02  0.5140000000000000D-01  0.5140000000000000D-01       1.00000000
    4  0.5836575875486380D+02  0.4863813229571984D+02  0.1945525291828794D+02  0.1945525291828794D+02  0.5140000000000000D-01  0.5140000000000000D-01       1.00000000
    5  0.7782101167315174D+02  0.6809338521400778D+02  0.1945525291828794D+02  0.1945525291828794D+02  0.5140000000000000D-01  0.5140000000000000D-01       1.00000000
    6  0.9727626459143968D+02  0.8754863813229571D+02  0.1945525291828794D+02  0.1945525291828794D+02  0.5140000000000000D-01  0.5140000000000000D-01       1.00000000
    7  0.1167315175097276D+03  0.1070038910505836D+03  0.1945525291828794D+02  0.1945525291828794D+02  0.5140000000000000D-01  0.5140000000000000D-01       1.00000000
    8  0.1361867704280156D+03  0.1264591439688716D+03  0.1945525291828794D+02  0.1945525291828794D+02  0.5140000000000000D-01  0.5140000000000000D-01       1.00000000
    9  0.1556420233463035D+03  0.1459143968871595D+03  0.1945525291828794D+02  0.1945525291828794D+02  0.5140000000000000D-01  0.5140000000000000D-01       1.00000000
   10  0.1750972762645914D+03  0.1653696498054475D+03  0.1945525291828794D+02  0.1945525291828794D+02  0.5140000000000000D-01  0.5140000000000000D-01       1.00000000
   11  0.1945525291828794D+03  0.1848249027237354D+03  0.1945525291828794D+02  0.1945525291828794D+02  0.5140000000000000D-01  0.5140000000000000D-01       1.00000000
   12  0.2140077821011673D+03  0.2042801556420233D+03  0.1945525291828794D+02  0.1945525291828794D+02  0.5140000000000000D-01  0.5140000000000000D-01       1.00000000
   13  0.2334630350194552D+03  0.2237354085603113D+03  0.1945525291828794D+02  0.1945525291828794D+02  0.5140000000000000D-01  0.5140000000000000D-01       1.00000000
   14  0.2529182879377432D+03  0.2431906614785992D+03  0.1945525291828794D+02  0.1945525291828794D+02  0.5140000000000000D-01  0.5140000000000000D-01       1.00000000
   15  0.2723735408560311D+03  0.2626459143968872D+03  0.1945525291828794D+02  0.1945525291828794D+02  0.5140000000000000D-01  0.5140000000000000D-01       1.00000000
   16  0.2918287937743190D+03  0.2821011673151751D+03  0.1945525291828794D+02  0.1945525291828794D+02  0.5140000000000000D-01  0.5140000000000000D-01       1.00000000
   17  0.3112840466926070D+03  0.3015564202334630D+03  0.1945525291828794D+02  0.1945525291828794D+02  0.5140000000000000D-01  0.5140000000000000D-01       1.00000000
   18  0.3307392996108949D+03  0.3210116731517510D+03  0.1945525291828794D+02  0.1945525291828794D+02  0.5140000000000000D-01  0.5140000000000000D-01       1.00000000
   19  0.3501945525291828D+03  0.3404669260700389D+03  0.1945525291828794D+02  0.1945525291828794D+02  0.5140000000000000D-01  0.5140000000000000D-01       1.00000000
   20  0.3696498054474708D+03  0.3599221789883268D+03  0.1945525291828794D+02  0.1945525291828794D+02  0.5140000000000000D-01  0.5140000000000000D-01       1.00000000
   21  0.3891050583657587D+03  0.3793774319066148D+03  0.1945525291828794D+02  0.1945525291828794D+02  0.5140000000000000D-01  0.5140000000000000D-01       1.00000000
   22  0.4085603112840466D+03  0.3988326848249027D+03  0.1945525291828794D+02  0.1945525291828794D+02  0.5140000000000000D-01  0.5140000000000000D-01       1.00000000
   23  0.4280155642023346D+03  0.4182879377431906D+03  0.1945525291828794D+02  0.1945525291828794D+02  0.5140000000000000D-01  0.5140000000000000D-01       1.00000000
   24  0.4474708171206225D+03  0.4377431906614786D+03  0.1945525291828794D+02  0.1945525291828794D+02  0.5140000000000000D-01  0.5140000000000000D-01       1.00000000
   25  0.4669260700389104D+03  0.4571984435797665D+03  0.1945525291828794D+02  0.1945525291828794D+02  0.5140000000000000D-01  0.5140000000000000D-01       1.00000000
   26  0.4863813229571984D+03  0.4766536964980544D+03  0.1945525291828794D+02  0.1945525291828794D+02  0.5140000000000000D-01  0.5140000000000000D-01       1.00000000
   27  0.5058365758754863D+03  0.4961089494163424D+03  0.1945525291828794D+02  0.1945525291828794D+02  0.5140000000000000D-01  0.5140000000000000D-01       1.00000000
   28  0.5252918287937742D+03  0.5155642023346303D+03  0.1945525291828794D+02  0.1945525291828794D+02  0.5140000000000000D-01  0.5140000000000000D-01       1.00000000
   29  0.5447470817120623D+03  0.5350194552529183D+03  0.1945525291828794D+02  0.1945525291828794D+02  0.5140000000000000D-01  0.5140000000000000D-01       1.00000000
   30  0.5642023346303502D+03  0.5544747081712062D+03  0.1945525291828794D+02  0.1945525291828794D+02  0.5140000000000000D-01  0.5140000000000000D-01       1.00000000
   31  0.5836575875486380D+03  0.5739299610894941D+03  0.1945525291828794D+02  0.1945525291828794D+02  0.5140000000000000D-01  0.5140000000000000D-01       1.00000000
   32  0.6031128404669261D+03  0.5933852140077820D+03  0.1945525291828794D+02  0.1945525291828794D+02  0.5140000000000000D-01  0.5140000000000000D-01       1.00000000
   33  0.6225680933852140D+03  0.6128404669260700D+03  0.1945525291828794D+02  0.1945525291828794D+02  0.5140000000000000D-01  0.5140000000000000D-01       1.00000000
   34  0.6420233463035019D+03  0.6322957198443579D+03  0.1945525291828794D+02  0.1945525291828794D+02  0.5140000000000000D-01  0.5140000000000000D-01       1.00000000
   35  0.6614785992217899D+03  0.6517509727626459D+03  0.1945525291828794D+02  0.1945525291828794D+02  0.5140000000000000D-01  0.5140000000000000D-01       1.00000000
   36  0.6809338521400778D+03  0.6712062256809338D+03  0.1945525291828794D+02  0.1945525291828794D+02  0.5140000000000000D-01  0.5140000000000000D-01       1.00000000
   37  0.7003891050583657D+03  0.6906614785992217D+03  0.1945525291828794D+02  0.1945525291828794D+02  0.5140000000000000D-01  0.5140000000000000D-01       1.00000000
   38  0.7198443579766537D+03  0.7101167315175096D+03  0.1945525291828794D+02  0.1945525291828794D+02  0.5140000000000000D-01  0.5140000000000000D-01       1.00000000
   39  0.7392996108949416D+03  0.7295719844357976D+03  0.1945525291828794D+02  0.1945525291828794D+02  0.5140000000000000D-01  0.5140000000000000D-01       1.00000000
   40  0.7587548638132295D+03  0.7490272373540855D+03  0.1945525291828794D+02  0.1945525291828794D+02  0.5140000000000000D-01  0.5140000000000000D-01       1.00000000
   41  0.7782101167315175D+03  0.7684824902723735D+03  0.1945525291828794D+02  0.1945525291828794D+02  0.5140000000000000D-01  0.5140000000000000D-01       1.00000000
   42  0.7976653696498054D+03  0.7879377431906614D+03  0.1945525291828794D+02  0.1945525291828794D+02  0.5140000000000000D-01  0.5140000000000000D-01       1.00000000
   43  0.8171206225680933D+03  0.8073929961089493D+03  0.1945525291828794D+02  0.1945525291828794D+02  0.5140000000000000D-01  0.5140000000000000D-01       1.00000000
   44  0.8365758754863813D+03  0.8268482490272372D+03  0.1945525291828794D+02  0.1945525291828794D+02  0.5140000000000000D-01  0.5140000000000000D-01       1.00000000
   45  0.8560311284046692D+03  0.8463035019455252D+03  0.1945525291828794D+02  0.1945525291828794D+02  0.5140000000000000D-01  0.5140000000000000D-01       1.00000000
   46  0.8754863813229571D+03  0.8657587548638131D+03  0.1945525291828794D+02  0.1945525291828794D+02  0.5140000000000000D-01  0.5140000000000000D-01       1.00000000
   47  0.8949416342412451D+03  0.8852140077821011D+03  0.1945525291828794D+02  0.1945525291828794D+02  0.5140000000000000D-01  0.5140000000000000D-01       1.00000000
   48  0.9143968871595330D+03  0.9046692607003890D+03  0.1945525291828794D+02  0.1945525291828794D+02  0.5140000000000000D-01  0.5140000000000000D-01       1.00000000
   49  0.9338521400778209D+03  0.9241245136186769D+03  0.1945525291828794D+02  0.1945525291828794D+02  0.5140000000000000D-01  0.5140000000000000D-01       1.00000000
   50  0.9533073929961089D+03  0.9435797665369648D+03  0.1945525291828794D+02  0.1945525291828794D+02  0.5140000000000000D-01  0.5140000000000000D-01       1.00000000
   51  0.9727626459143968D+03  0.9630350194552528D+03  0.1945525291828794D+02  0.1945525291828794D+02  0.5140000000000000D-01  0.5140000000000000D-01       1.00000000
   52  0.9922178988326848D+03  0.9824902723735408D+03  0.1945525291828794D+02  0.1945525291828794D+02  0.5140000000000000D-01  0.5140000000000000D-01       1.00000000
   53  0.1011673151750973D+04  0.1001945525291829D+04  0.1945525291828794D+02  0.1945525291828794D+02  0.5140000000000000D-01  0.5140000000000000D-01       1.00000000
   54  0.1031128404669261D+04  0.1021400778210117D+04  0.1945525291828794D+02  0.1945525291828794D+02  0.5140000000000000D-01  0.5140000000000000D-01       1.00000000
   55  0.1050583657587548D+04  0.1040856031128405D+04  0.1945525291828794D+02  0.1945525291828794D+02  0.5140000000000000D-01  0.5140000000000000D-01       1.00000000
   56  0.1070038910505836D+04  0.1060311284046692D+04  0.1945525291828794D+02  0.1945525291828794D+02  0.5140000000000000D-01  0.5140000000000000D-01       1.00000000
   57  0.1089494163424125D+04  0.1079766536964980D+04  0.1945525291828794D+02  0.1945525291828794D+02  0.5140000000000000D-01  0.5140000000000000D-01       1.00000000
   58  0.1108949416342412D+04  0.1099221789883268D+04  0.1945525291828794D+02  0.1945525291828794D+02  0.5140000000000000D-01  0.5140000000000000D-01       1.00000000
   59  0.1128404669260700D+04  0.1118677042801556D+04  0.1945525291828794D+02  0.1945525291828794D+02  0.5140000000000000D-01  0.5140000000000000D-01       1.00000000
   60  0.1147859922178988D+04  0.1138132295719844D+04  0.1945525291828794D+02  0.1945525291828794D+02  0.5140000000000000D-01  0.5140000000000000D-01       1.00000000
   61  0.1167315175097276D+04  0.1157587548638132D+04  0.1945525291828794D+02  0.1945525291828794D+02  0.5140000000000000D-01  0.5140000000000000D-01       1.00000000
   62  0.1186770428015564D+04  0.1177042801556420D+04  0.1945525291828794D+02  0.1945525291828794D+02  0.5140000000000000D-01  0.5140000000000000D-01       1.00000000
   63  0.1206225680933852D+04  0.1196498054474708D+04  0.1945525291828794D+02  0.1945525291828794D+02  0.5140000000000000D-01  0.5140000000000000D-01       1.00000000
   64  0.1225680933852140D+04  0.1215953307392996D+04  0.1945525291828794D+02  0.1945525291828794D+02  0.5140000000000000D-01  0.5140000000000000D-01       1.00000000
   65  0.1245136186770428D+04  0.1235408560311284D+04  0.1945525291828794D+02  0.1945525291828794D+02  0.5140000000000000D-01  0.5140000000000000D-01       1.00000000
   66  0.1264591439688716D+04  0.1254863813229572D+04  0.1945525291828794D+02  0.1945525291828794D+02  0.5140000000000000D-01  0.5140000000000000D-01       1.00000000
   67  0.1284046692607004D+04  0.1274319066147860D+04  0.1945525291828794D+02  0.1945525291828794D+02  0.5140000000000000D-01  0.5140000000000000D-01       1.00000000
   68  0.1303501945525292D+04  0.1293774319066148D+04  0.1945525291828794D+02  0.1945525291828794D+02  0.5140000000000000D-01  0.5140000000000000D-01       1.00000000
   69  0.1322957198443580D+04  0.1313229571984436D+04  0.1945525291828794D+02  0.1945525291828794D+02  0.5140000000000000D-01  0.5140000000000000D-01       1.00000000
   70  0.1342412451361868D+04  0.1332684824902724D+04  0.1945525291828794D+02  0.1945525291828794D+02  0.5140000000000000D-01  0.5140000000000000D-01       1.00000000
   71  0.1361867704280156D+04  0.1352140077821012D+04  0.1945525291828794D+02  0.1945525291828794D+02  0.5140000000000000D-01  0.5140000000000000D-01       1.00000000
   72  0.1381322957198443D+04  0.1371595330739299D+04  0.1945525291828794D+02  0.1945525291828794D+02  0.5140000000000000D-01  0.5140000000000000D-01       1.00000000
   73  0.1400778210116731D+04  0.1391050583657587D+04  0.1945525291828794D+02  0.1945525291828794D+02  0.5140000000000000D-01  0.5140000000000000D-01       1.00000000
   74  0.1420233463035019D+04  0.1410505836575875D+04  0.1945525291828794D+02  0.1945525291828794D+02  0.5140000000000000D-01  0.5140000000000000D-01       1.00000000
   75  0.1439688715953307D+04  0.1429961089494163D+04  0.1945525291828794D+02  0.1945525291828794D+02  0.5140000000000000D-01  0.5140000000000000D-01       1.00000000
   76  0.1459143968871595D+04  0.1449416342412451D+04  0.1945525291828794D+02  0.1945525291828794D+02  0.5140000000000000D-01  0.5140000000000000D-01       1.00000000
   77  0.1478599221789883D+04  0.1468871595330739D+04  0.1945525291828794D+02  0.1945525291828794D+02  0.5140000000000000D-01  0.5140000000000000D-01       1.00000000
   78  0.1498054474708171D+04  0.1488326848249027D+04  0.1945525291828794D+02  0.1945525291828794D+02  0.5140000000000000D-01  0.5140000000000000D-01       1.00000000
   79  0.1517509727626459D+04  0.1507782101167315D+04  0.1945525291828794D+02  0.1945525291828794D+02  0.5140000000000000D-01  0.5140000000000000D-01       1.00000000
   80  0.1536964980544747D+04  0.1527237354085603D+04  0.1945525291828794D+02  0.1945525291828794D+02  0.5140000000000000D-01  0.5140000000000000D-01       1.00000000
   81  0.1556420233463035D+04  0.1546692607003891D+04  0.1945525291828794D+02  0.1945525291828794D+02  0.5140000000000000D-01  0.5140000000000000D-01       1.00000000
   82  0.1575875486381323D+04  0.1566147859922179D+04  0.1945525291828794D+02  0.1945525291828794D+02  0.5140000000000000D-01  0.5140000000000000D-01       1.00000000
   83  0.1595330739299611D+04  0.1585603112840467D+04  0.1945525291828794D+02  0.1945525291828794D+02  0.5140000000000000D-01  0.5140000000000000D-01       1.00000000
   84  0.1614785992217899D+04  0.1605058365758755D+04  0.1945525291828794D+02  0.1945525291828794D+02  0.5140000000000000D-01  0.5140000000000000D-01       1.00000000
   85  0.1634241245136187D+04  0.1624513618677043D+04  0.1945525291828794D+02  0.1945525291828794D+02  0.5140000000000000D-01  0.5140000000000000D-01       1.00000000
   86  0.1653696498054475D+04  0.1643968871595331D+04  0.1945525291828794D+02  0.1945525291828794D+02  0.5140000000000000D-01  0.5140000000000000D-01       1.00000000
   87  0.1673151750972763D+04  0.1663424124513619D+04  0.1945525291828794D+02  0.1945525291828794D+02  0.5140000000000000D-01  0.5140000000000000D-01       1.00000000
   88  0.1692607003891050D+04  0.1682879377431907D+04  0.1945525291828794D+02  0.1945525291828794D+02  0.5140000000000000D-01  0.5140000000000000D-01       1.00000000
   89  0.1712062256809338D+04  0.1702334630350194D+04  0.1945525291828794D+02  0.1945525291828794D+02  0.5140000000000000D-01  0.5140000000000000D-01       1.00000000
   90  0.1731517509727626D+04  0.1721789883268482D+04  0.1945525291828794D+02  0.1945525291828794D+02  0.5140000000000000D-01  0.5140000000000000D-01       1.00000000
   91  0.1750972762645914D+04  0.1741245136186770D+04  0.1945525291828794D+02  0.1945525291828794D+02  0.5140000000000000D-01  0.5140000000000000D-01       1.00000000
   92  0.1770428015564202D+04  0.1760700389105058D+04  0.1945525291828794D+02  0.1945525291828794D+02  0.5140000000000000D-01  0.5140000000000000D-01       1.00000000
   93  0.1789883268482490D+04  0.1780155642023346D+04  0.1945525291828794D+02  0.1945525291828794D+02  0.5140000000000000D-01  0.5140000000000000D-01       1.00000000
   94  0.1809338521400778D+04  0.1799610894941634D+04  0.1945525291828794D+02  0.1945525291828794D+02  0.5140000000000000D-01  0.5140000000000000D-01       1.00000000
   95  0.1828793774319066D+04  0.1819066147859922D+04  0.1945525291828794D+02  0.1945525291828794D+02  0.5140000000000000D-01  0.5140000000000000D-01       1.00000000
   96  0.1848249027237354D+04  0.1838521400778210D+04  0.1945525291828794D+02  0.1945525291828794D+02  0.5140000000000000D-01  0.5140000000000000D-01       1.00000000
   97  0.1867704280155642D+04  0.1857976653696498D+04  0.1945525291828794D+02  0.1945525291828794D+02  0.5140000000000000D-01  0.5140000000000000D-01       1.00000000
   98  0.1887159533073930D+04  0.1877431906614786D+04  0.1945525291828794D+02  0.1945525291828794D+02  0.5140000000000000D-01  0.5140000000000000D-01       1.00000000
   99  0.1906614785992218D+04  0.1896887159533074D+04  0.1945525291828794D+02  0.1945525291828794D+02  0.5140000000000000D-01  0.5140000000000000D-01       1.00000000
  100  0.1926070038910506D+04  0.1916342412451362D+04  0.1945525291828794D+02  0.1945525291828794D+02  0.5140000000000000D-01  0.5140000000000000D-01       1.00000000
  101  0.1945525291828794D+04  0.1935797665369650D+04  0.1945525291828794D+02  0.1945525291828794D+02  0.5140000000000000D-01  0.5140000000000000D-01       1.00000000
  102  0.1964980544747081D+04  0.1955252918287938D+04  0.1945525291828794D+02  0.1945525291828794D+02  0.5140000000000000D-01  0.5140000000000000D-01       1.00000000
  103  0.1984435797665370D+04  0.1974708171206225D+04  0.1945525291828794D+02  0.1945525291828794D+02  0.5140000000000000D-01  0.5140000000000000D-01       1.00000000
  104  0.2003891050583657D+04  0.1994163424124514D+04  0.1945525291828794D+02  0.1945525291828794D+02  0.5140000000000000D-01  0.5140000000000000D-01       1.00000000
  105  0.2023346303501945D+04  0.2013618677042801D+04  0.1945525291828794D+02  0.1945525291828794D+02  0.5140000000000000D-01  0.5140000000000000D-01       1.00000000
  106  0.2042801556420233D+04  0.2033073929961089D+04  0.1945525291828794D+02  0.1945525291828794D+02  0.5140000000000000D-01  0.5140000000000000D-01       1.00000000
  107  0.2062256809338521D+04  0.2052529182879377D+04  0.1945525291828794D+02  0.1945525291828794D+02  0.5140000000000000D-01  0.5140000000000000D-01       1.00000000
  108  0.2081712062256809D+04  0.2071984435797665D+04  0.1945525291828794D+02  0.1945525291828794D+02  0.5140000000000000D-01  0.5140000000000000D-01       1.00000000
  109  0.2101167315175097D+04  0.2091439688715953D+04  0.1945525291828794D+02  0.1945525291828794D+02  0.5140000000000000D-01  0.5140000000000000D-01       1.00000000
  110  0.2120622568093385D+04  0.2110894941634241D+04  0.1945525291828794D+02  0.1945525291828794D+02  0.5140000000000000D-01  0.5140000000000000D-01       1.00000000
  111  0.2140077821011673D+04  0.2130350194552529D+04  0.1945525291828794D+02  0.1945525291828794D+02  0.5140000000000000D-01  0.5140000000000000D-01       1.00000000
  112  0.2159533073929961D+04  0.2149805447470817D+04  0.1945525291828794D+02  0.1945525291828794D+02  0.5140000000000000D-01  0.5140000000000000D-01       1.00000000
  113  0.2178988326848249D+04  0.2169260700389105D+04  0.1945525291828794D+02  0.1945525291828794D+02  0.5140000000000000D-01  0.5140000000000000D-01       1.00000000
  114  0.2198443579766537D+04  0.2188715953307393D+04  0.1945525291828794D+02  0.1945525291828794D+02  0.5140000000000000D-01  0.5140000000000000D-01       1.00000000
  115  0.2217898832684825D+04  0.2208171206225681D+04  0.1945525291828794D+02  0.1945525291828794D+02  0.5140000000000000D-01  0.5140000000000000D-01       1.00000000
  116  0.2237354085603113D+04  0.2227626459143969D+04  0.1945525291828794D+02  0.1945525291828794D+02  0.5140000000000000D-01  0.5140000000000000D-01       1.00000000
  117  0.2256809338521401D+04  0.2247081712062257D+04  0.1945525291828794D+02  0.1945525291828794D+02  0.5140000000000000D-01  0.5140000000000000D-01       1.00000000
  118  0.2276264591439689D+04  0.2266536964980544D+04  0.1945525291828794D+02  0.1945525291828794D+02  0.5140000000000000D-01  0.5140000000000000D-01       1.00000000
  119  0.2295719844357976D+04  0.2285992217898833D+04  0.1945525291828794D+02  0.1945525291828794D+02  0.5140000000000000D-01  0.5140000000000000D-01       1.00000000
  120  0.2315175097276264D+04  0.2305447470817120D+04  0.1945525291828794D+02  0.1945525291828794D+02  0.5140000000000000D-01  0.5140000000000000D-01       1.00000000
  121  0.2334630350194552D+04  0.2324902723735408D+04  0.1945525291828794D+02  0.1945525291828794D+02  0.5140000000000000D-01  0.5140000000000000D-01       1.00000000
  122  0.2354085603112840D+04  0.2344357976653696D+04  0.1945525291828794D+02  0.1945525291828794D+02  0.5140000000000000D-01  0.5140000000000000D-01       1.00000000
  123  0.2373540856031128D+04  0.2363813229571984D+04  0.1945525291828794D+02  0.1945525291828794D+02  0.5140000000000000D-01  0.5140000000000000D-01       1.00000000
  124  0.2392996108949416D+04  0.2383268482490272D+04  0.1945525291828794D+02  0.1945525291828794D+02  0.5140000000000000D-01  0.5140000000000000D-01       1.00000000
  125  0.2412451361867704D+04  0.2402723735408560D+04  0.1945525291828794D+02  0.1945525291828794D+02  0.5140000000000000D-01  0.5140000000000000D-01       1.00000000
  126  0.2431906614785992D+04  0.2422178988326848D+04  0.1945525291828794D+02  0.1945525291828794D+02  0.5140000000000000D-01  0.5140000000000000D-01       1.00000000
  127  0.2451361867704280D+04  0.2441634241245136D+04  0.1945525291828794D+02  0.1945525291828794D+02  0.5140000000000000D-01  0.5140000000000000D-01       1.00000000
  128  0.2470817120622568D+04  0.2461089494163424D+04  0.1945525291828794D+02  0.1945525291828794D+02  0.5140000000000000D-01  0.5140000000000000D-01       1.00000000
  129  0.2490272373540856D+04  0.2480544747081712D+04  0.1945525291828794D+02  0.1945525291828794D+02  0.5140000000000000D-01  0.5140000000000000D-01       1.00000000
  130  0.2509727626459144D+04  0.2500000000000000D+04  0.1945525291828794D+02  0.1945525291828794D+02  0.5140000000000000D-01  0.5140000000000000D-01       1.00000000
  131  0.2529182879377432D+04  0.2519455252918287D+04  0.1945525291828794D+02  0.1945525291828794D+02  0.5140000000000000D-01  0.5140000000000000D-01       1.00000000
  132  0.2548638132295720D+04  0.2538910505836576D+04  0.1945525291828794D+02  0.1945525291828794D+02  0.5140000000000000D-01  0.5140000000000000D-01       1.00000000
  133  0.2568093385214007D+04  0.2558365758754863D+04  0.1945525291828794D+02  0.1945525291828794D+02  0.5140000000000000D-01  0.5140000000000000D-01       1.00000000
  134  0.2587548638132295D+04  0.2577821011673152D+04  0.1945525291828794D+02  0.1945525291828794D+02  0.5140000000000000D-01  0.5140000000000000D-01       1.00000000
  135  0.2607003891050584D+04  0.2597276264591439D+04  0.1945525291828794D+02  0.1945525291828794D+02  0.5140000000000000D-01  0.5140000000000000D-01       1.00000000
  136  0.2626459143968872D+04  0.2616731517509727D+04  0.1945525291828794D+02  0.1945525291828794D+02  0.5140000000000000D-01  0.5140000000000000D-01       1.00000000
  137  0.2645914396887159D+04  0.2636186770428016D+04  0.1945525291828794D+02  0.1945525291828794D+02  0.5140000000000000D-01  0.5140000000000000D-01       1.00000000
  138  0.2665369649805447D+04  0.2655642023346303D+04  0.1945525291828794D+02  0.1945525291828794D+02  0.5140000000000000D-01  0.5140000000000000D-01       1.00000000
  139  0.2684824902723735D+04  0.2675097276264592D+04  0.1945525291828794D+02  0.1945525291828794D+02  0.5140000000000000D-01  0.5140000000000000D-01       1.00000000
  140  0.2704280155642023D+04  0.2694552529182879D+04  0.1945525291828794D+02  0.1945525291828794D+02  0.5140000000000000D-01  0.5140000000000000D-01       1.00000000
  141  0.2723735408560311D+04  0.2714007782101167D+04  0.1945525291828794D+02  0.1945525291828794D+02  0.5140000000000000D-01  0.5140000000000000D-01       1.00000000
  142  0.2743190661478599D+04  0.2733463035019455D+04  0.1945525291828794D+02  0.1945525291828794D+02  0.5140000000000000D-01  0.5140000000000000D-01       1.00000000
  143  0.2762645914396887D+04  0.2752918287937743D+04  0.1945525291828794D+02  0.1945525291828794D+02  0.5140000000000000D-01  0.5140000000000000D-01       1.00000000
  144  0.2782101167315175D+04  0.2772373540856031D+04  0.1945525291828794D+02  0.1945525291828794D+02  0.5140000000000000D-01  0.5140000000000000D-01       1.00000000
  145  0.2801556420233463D+04  0.2791828793774319D+04  0.1945525291828794D+02  0.1945525291828794D+02  0.5140000000000000D-01  0.5140000000000000D-01       1.00000000
  146  0.2821011673151751D+04  0.2811284046692606D+04  0.1945525291828794D+02  0.1945525291828794D+02  0.5140000000000000D-01  0.5140000000000000D-01       1.00000000
  147  0.2840466926070039D+04  0.2830739299610895D+04  0.1945525291828794D+02  0.1945525291828794D+02  0.5140000000000000D-01  0.5140000000000000D-01       1.00000000
  148  0.2859922178988327D+04  0.2850194552529183D+04  0.1945525291828794D+02  0.1945525291828794D+02  0.5140000000000000D-01  0.5140000000000000D-01       1.00000000
  149  0.2879377431906615D+04  0.2869649805447470D+04  0.1945525291828794D+02  0.1945525291828794D+02  0.5140000000000000D-01  0.5140000000000000D-01       1.00000000
  150  0.2898832684824903D+04  0.2889105058365759D+04  0.1945525291828794D+02  0.1945525291828794D+02  0.5140000000000000D-01  0.5140000000000000D-01       1.00000000
  151  0.2918287937743190D+04  0.2908560311284046D+04  0.1945525291828794D+02  0.1945525291828794D+02  0.5140000000000000D-01  0.5140000000000000D-01       1.00000000
  152  0.2937743190661478D+04  0.2928015564202335D+04  0.1945525291828794D+02  0.1945525291828794D+02  0.5140000000000000D-01  0.5140000000000000D-01       1.00000000
  153  0.2957198443579766D+04  0.2947470817120622D+04  0.1945525291828794D+02  0.1945525291828794D+02  0.5140000000000000D-01  0.5140000000000000D-01       1.00000000
  154  0.2976653696498054D+04  0.2966926070038910D+04  0.1945525291828794D+02  0.1945525291828794D+02  0.5140000000000000D-01  0.5140000000000000D-01       1.00000000
  155  0.2996108949416342D+04  0.2986381322957198D+04  0.1945525291828794D+02  0.1945525291828794D+02  0.5140000000000000D-01  0.5140000000000000D-01       1.00000000
  156  0.3015564202334630D+04  0.3005836575875486D+04  0.1945525291828794D+02  0.1945525291828794D+02  0.5140000000000000D-01  0.5140000000000000D-01       1.00000000
  157  0.3035019455252918D+04  0.3025291828793774D+04  0.1945525291828794D+02  0.1945525291828794D+02  0.5140000000000000D-01  0.5140000000000000D-01       1.00000000
  158  0.3054474708171206D+04  0.3044747081712062D+04  0.1945525291828794D+02  0.1945525291828794D+02  0.5140000000000000D-01  0.5140000000000000D-01       1.00000000
  159  0.3073929961089494D+04  0.3064202334630350D+04  0.1945525291828794D+02  0.1945525291828794D+02  0.5140000000000000D-01  0.5140000000000000D-01       1.00000000
  160  0.3093385214007782D+04  0.3083657587548638D+04  0.1945525291828794D+02  0.1945525291828794D+02  0.5140000000000000D-01  0.5140000000000000D-01       1.00000000
  161  0.3112840466926070D+04  0.3103112840466926D+04  0.1945525291828794D+02  0.1945525291828794D+02  0.5140000000000000D-01  0.5140000000000000D-01       1.00000000
  162  0.3132295719844358D+04  0.3122568093385214D+04  0.1945525291828794D+02  0.1945525291828794D+02  0.5140000000000000D-01  0.5140000000000000D-01       1.00000000
  163  0.3151750972762646D+04  0.3142023346303502D+04  0.1945525291828794D+02  0.1945525291828794D+02  0.5140000000000000D-01  0.5140000000000000D-01       1.00000000
  164  0.3171206225680934D+04  0.3161478599221789D+04  0.1945525291828794D+02  0.1945525291828794D+02  0.5140000000000000D-01  0.5140000000000000D-01       1.00000000
  165  0.3190661478599221D+04  0.3180933852140078D+04  0.1945525291828794D+02  0.1945525291828794D+02  0.5140000000000000D-01  0.5140000000000000D-01       1.00000000
  166  0.3210116731517509D+04  0.3200389105058365D+04  0.1945525291828794D+02  0.1945525291828794D+02  0.5140000000000000D-01  0.5140000000000000D-01       1.00000000
  167  0.3229571984435797D+04  0.3219844357976654D+04  0.1945525291828794D+02  0.1945525291828794D+02  0.5140000000000000D-01  0.5140000000000000D-01       1.00000000
  168  0.3249027237354085D+04  0.3239299610894941D+04  0.1945525291828794D+02  0.1945525291828794D+02  0.5140000000000000D-01  0.5140000000000000D-01       1.00000000
  169  0.3268482490272373D+04  0.3258754863813229D+04  0.1945525291828794D+02  0.1945525291828794D+02  0.5140000000000000D-01  0.5140000000000000D-01       1.00000000
  170  0.3287937743190661D+04  0.3278210116731517D+04  0.1945525291828794D+02  0.1945525291828794D+02  0.5140000000000000D-01  0.5140000000000000D-01       1.00000000
  171  0.3307392996108949D+04  0.3297665369649805D+04  0.1945525291828794D+02  0.1945525291828794D+02  0.5140000000000000D-01  0.5140000000000000D-01       1.00000000
  172  0.3326848249027237D+04  0.3317120622568093D+04  0.1945525291828794D+02  0.1945525291828794D+02  0.5140000000000000D-01  0.5140000000000000D-01       1.00000000
  173  0.3346303501945525D+04  0.3336575875486381D+04  0.1945525291828794D+02  0.1945525291828794D+02  0.5140000000000000D-01  0.5140000000000000D-01       1.00000000
  174  0.3365758754863813D+04  0.3356031128404669D+04  0.1945525291828794D+02  0.1945525291828794D+02  0.5140000000000000D-01  0.5140000000000000D-01       1.00000000
  175  0.3385214007782101D+04  0.3375486381322957D+04  0.1945525291828794D+02  0.1945525291828794D+02  0.5140000000000000D-01  0.5140000000000000D-01       1.00000000
  176  0.3404669260700389D+04  0.3394941634241245D+04  0.1945525291828794D+02  0.1945525291828794D+02  0.5140000000000000D-01  0.5140000000000000D-01       1.00000000
  177  0.3424124513618677D+04  0.3414396887159533D+04  0.1945525291828794D+02  0.1945525291828794D+02  0.5140000000000000D-01  0.5140000000000000D-01       1.00000000
  178  0.3443579766536965D+04  0.3433852140077821D+04  0.1945525291828794D+02  0.1945525291828794D+02  0.5140000000000000D-01  0.5140000000000000D-01       1.00000000
  179  0.3463035019455252D+04  0.3453307392996108D+04  0.1945525291828794D+02  0.1945525291828794D+02  0.5140000000000000D-01  0.5140000000000000D-01       1.00000000
  180  0.3482490272373540D+04  0.3472762645914397D+04  0.1945525291828794D+02  0.1945525291828794D+02  0.5140000000000000D-01  0.5140000000000000D-01       1.00000000
  181  0.3501945525291828D+04  0.3492217898832684D+04  0.1945525291828794D+02  0.1945525291828794D+02  0.5140000000000000D-01  0.5140000000000000D-01       1.00000000
  182  0.3521400778210117D+04  0.3511673151750972D+04  0.1945525291828794D+02  0.1945525291828794D+02  0.5140000000000000D-01  0.5140000000000000D-01       1.00000000
  183  0.3540856031128405D+04  0.3531128404669261D+04  0.1945525291828794D+02  0.1945525291828794D+02  0.5140000000000000D-01  0.5140000000000000D-01       1.00000000
  184  0.3560311284046692D+04  0.3550583657587548D+04  0.1945525291828794D+02  0.1945525291828794D+02  0.5140000000000000D-01  0.5140000000000000D-01       1.00000000
  185  0.3579766536964980D+04  0.3570038910505837D+04  0.1945525291828794D+02  0.1945525291828794D+02  0.5140000000000000D-01  0.5140000000000000D-01       1.00000000
  186  0.3599221789883268D+04  0.3589494163424124D+04  0.1945525291828794D+02  0.1945525291828794D+02  0.5140000000000000D-01  0.5140000000000000D-01       1.00000000
  187  0.3618677042801556D+04  0.3608949416342412D+04  0.1945525291828794D+02  0.1945525291828794D+02  0.5140000000000000D-01  0.5140000000000000D-01       1.00000000
  188  0.3638132295719844D+04  0.3628404669260700D+04  0.1945525291828794D+02  0.1945525291828794D+02  0.5140000000000000D-01  0.5140000000000000D-01       1.00000000
  189  0.3657587548638132D+04  0.3647859922178988D+04  0.1945525291828794D+02  0.1945525291828794D+02  0.5140000000000000D-01  0.5140000000000000D-01       1.00000000
  190  0.3677042801556420D+04  0.3667315175097276D+04  0.1945525291828794D+02  0.1945525291828794D+02  0.5140000000000000D-01  0.5140000000000000D-01       1.00000000
  191  0.3696498054474708D+04  0.3686770428015564D+04  0.1945525291828794D+02  0.1945525291828794D+02  0.5140000000000000D-01  0.5140000000000000D-01       1.00000000
  192  0.3715953307392996D+04  0.3706225680933851D+04  0.1945525291828794D+02  0.1945525291828794D+02  0.5140000000000000D-01  0.5140000000000000D-01       1.00000000
  193  0.3735408560311284D+04  0.3725680933852140D+04  0.1945525291828794D+02  0.1945525291828794D+02  0.5140000000000000D-01  0.5140000000000000D-01       1.00000000
  194  0.3754863813229572D+04  0.3745136186770428D+04  0.1945525291828794D+02  0.1945525291828794D+02  0.5140000000000000D-01  0.5140000000000000D-01       1.00000000
  195  0.3774319066147860D+04  0.3764591439688716D+04  0.1945525291828794D+02  0.1945525291828794D+02  0.5140000000000000D-01  0.5140000000000000D-01       1.00000000
  196  0.3793774319066148D+04  0.3784046692607004D+04  0.1945525291828794D+02  0.1945525291828794D+02  0.5140000000000000D-01  0.5140000000000000D-01       1.00000000
  197  0.3813229571984436D+04  0.3803501945525291D+04  0.1945525291828794D+02  0.1945525291828794D+02  0.5140000000000000D-01  0.5140000000000000D-01       1.00000000
  198  0.3832684824902723D+04  0.3822957198443580D+04  0.1945525291828794D+02  0.1945525291828794D+02  0.5140000000000000D-01  0.5140000000000000D-01       1.00000000
  199  0.3852140077821011D+04  0.3842412451361867D+04  0.1945525291828794D+02  0.1945525291828794D+02  0.5140000000000000D-01  0.5140000000000000D-01       1.00000000
  200  0.3871595330739299D+04  0.3861867704280156D+04  0.1945525291828794D+02  0.1945525291828794D+02  0.5140000000000000D-01  0.5140000000000000D-01       1.00000000
  201  0.3891050583657587D+04  0.3881322957198443D+04  0.1945525291828794D+02  0.1945525291828794D+02  0.5140000000000000D-01  0.5140000000000000D-01       1.00000000
  202  0.3910505836575875D+04  0.3900778210116731D+04  0.1945525291828794D+02  0.1945525291828794D+02  0.5140000000000000D-01  0.5140000000000000D-01       1.00000000
  203  0.3929961089494163D+04  0.3920233463035019D+04  0.1945525291828794D+02  0.1945525291828794D+02  0.5140000000000000D-01  0.5140000000000000D-01       1.00000000
  204  0.3949416342412451D+04  0.3939688715953307D+04  0.1945525291828794D+02  0.1945525291828794D+02  0.5140000000000000D-01  0.5140000000000000D-01       1.00000000
  205  0.3968871595330739D+04  0.3959143968871595D+04  0.1945525291828794D+02  0.1945525291828794D+02  0.5140000000000000D-01  0.5140000000000000D-01       1.00000000
  206  0.3988326848249027D+04  0.3978599221789883D+04  0.1945525291828794D+02  0.1945525291828794D+02  0.5140000000000000D-01  0.5140000000000000D-01       1.00000000
  207  0.4007782101167315D+04  0.3998054474708171D+04  0.1945525291828794D+02  0.1945525291828794D+02  0.5140000000000000D-01  0.5140000000000000D-01       1.00000000
  208  0.4027237354085603D+04  0.4017509727626459D+04  0.1945525291828794D+02  0.1945525291828794D+02  0.5140000000000000D-01  0.5140000000000000D-01       1.00000000
  209  0.4046692607003891D+04  0.4036964980544747D+04  0.1945525291828794D+02  0.1945525291828794D+02  0.5140000000000000D-01  0.5140000000000000D-01       1.00000000
  210  0.4066147859922179D+04  0.4056420233463034D+04  0.1945525291828794D+02  0.1945525291828794D+02  0.5140000000000000D-01  0.5140000000000000D-01       1.00000000
  211  0.4085603112840467D+04  0.4075875486381323D+04  0.1945525291828794D+02  0.1945525291828794D+02  0.5140000000000000D-01  0.5140000000000000D-01       1.00000000
  212  0.4105058365758755D+04  0.4095330739299611D+04  0.1945525291828794D+02  0.1945525291828794D+02  0.5140000000000000D-01  0.5140000000000000D-01       1.00000000
  213  0.4124513618677042D+04  0.4114785992217899D+04  0.1945525291828794D+02  0.1945525291828794D+02  0.5140000000000000D-01  0.5140000000000000D-01       1.00000000
  214  0.4143968871595331D+04  0.4134241245136187D+04  0.1945525291828794D+02  0.1945525291828794D+02  0.5140000000000000D-01  0.5140000000000000D-01       1.00000000
  215  0.4163424124513618D+04  0.4153696498054474D+04  0.1945525291828794D+02  0.1945525291828794D+02  0.5140000000000000D-01  0.5140000000000000D-01       1.00000000
  216  0.4182879377431907D+04  0.4173151750972762D+04  0.1945525291828794D+02  0.1945525291828794D+02  0.5140000000000000D-01  0.5140000000000000D-01       1.00000000
  217  0.4202334630350194D+04  0.4192607003891050D+04  0.1945525291828794D+02  0.1945525291828794D+02  0.5140000000000000D-01  0.5140000000000000D-01       1.00000000
  218  0.4221789883268482D+04  0.4212062256809339D+04  0.1945525291828794D+02  0.1945525291828794D+02  0.5140000000000000D-01  0.5140000000000000D-01       1.00000000
  219  0.4241245136186770D+04  0.4231517509727626D+04  0.1945525291828794D+02  0.1945525291828794D+02  0.5140000000000000D-01  0.5140000000000000D-01       1.00000000
  220  0.4260700389105058D+04  0.4250972762645913D+04  0.1945525291828794D+02  0.1945525291828794D+02  0.5140000000000000D-01  0.5140000000000000D-01       1.00000000
  221  0.4280155642023346D+04  0.4270428015564202D+04  0.1945525291828794D+02  0.1945525291828794D+02  0.5140000000000000D-01  0.5140000000000000D-01       1.00000000
  222  0.4299610894941634D+04  0.4289883268482490D+04  0.1945525291828794D+02  0.1945525291828794D+02  0.5140000000000000D-01  0.5140000000000000D-01       1.00000000
  223  0.4319066147859922D+04  0.4309338521400778D+04  0.1945525291828794D+02  0.1945525291828794D+02  0.5140000000000000D-01  0.5140000000000000D-01       1.00000000
  224  0.4338521400778210D+04  0.4328793774319066D+04  0.1945525291828794D+02  0.1945525291828794D+02  0.5140000000000000D-01  0.5140000000000000D-01       1.00000000
  225  0.4357976653696498D+04  0.4348249027237354D+04  0.1945525291828794D+02  0.1945525291828794D+02  0.5140000000000000D-01  0.5140000000000000D-01       1.00000000
  226  0.4377431906614785D+04  0.4367704280155642D+04  0.1945525291828794D+02  0.1945525291828794D+02  0.5140000000000000D-01  0.5140000000000000D-01       1.00000000
  227  0.4396887159533074D+04  0.4387159533073929D+04  0.1945525291828794D+02  0.1945525291828794D+02  0.5140000000000000D-01  0.5140000000000000D-01       1.00000000
  228  0.4416342412451361D+04  0.4406614785992218D+04  0.1945525291828794D+02  0.1945525291828794D+02  0.5140000000000000D-01  0.5140000000000000D-01       1.00000000
  229  0.4435797665369650D+04  0.4426070038910506D+04  0.1945525291828794D+02  0.1945525291828794D+02  0.5140000000000000D-01  0.5140000000000000D-01       1.00000000
  230  0.4455252918287937D+04  0.4445525291828793D+04  0.1945525291828794D+02  0.1945525291828794D+02  0.5140000000000000D-01  0.5140000000000000D-01       1.00000000
  231  0.4474708171206225D+04  0.4464980544747081D+04  0.1945525291828794D+02  0.1945525291828794D+02  0.5140000000000000D-01  0.5140000000000000D-01       1.00000000
  232  0.4494163424124513D+04  0.4484435797665369D+04  0.1945525291828794D+02  0.1945525291828794D+02  0.5140000000000000D-01  0.5140000000000000D-01       1.00000000
  233  0.4513618677042801D+04  0.4503891050583657D+04  0.1945525291828794D+02  0.1945525291828794D+02  0.5140000000000000D-01  0.5140000000000000D-01       1.00000000
  234  0.4533073929961090D+04  0.4523346303501945D+04  0.1945525291828794D+02  0.1945525291828794D+02  0.5140000000000000D-01  0.5140000000000000D-01       1.00000000
  235  0.4552529182879377D+04  0.4542801556420233D+04  0.1945525291828794D+02  0.1945525291828794D+02  0.5140000000000000D-01  0.5140000000000000D-01       1.00000000
  236  0.4571984435797665D+04  0.4562256809338522D+04  0.1945525291828794D+02  0.1945525291828794D+02  0.5140000000000000D-01  0.5140000000000000D-01       1.00000000
  237  0.4591439688715953D+04  0.4581712062256809D+04  0.1945525291828794D+02  0.1945525291828794D+02  0.5140000000000000D-01  0.5140000000000000D-01       1.00000000
  238  0.4610894941634241D+04  0.4601167315175097D+04  0.1945525291828794D+02  0.1945525291828794D+02  0.5140000000000000D-01  0.5140000000000000D-01       1.00000000
  239  0.4630350194552529D+04  0.4620622568093385D+04  0.1945525291828794D+02  0.1945525291828794D+02  0.5140000000000000D-01  0.5140000000000000D-01       1.00000000
  240  0.4649805447470817D+04  0.4640077821011673D+04  0.1945525291828794D+02  0.1945525291828794D+02  0.5140000000000000D-01  0.5140000000000000D-01       1.00000000
  241  0.4669260700389104D+04  0.4659533073929961D+04  0.1945525291828794D+02  0.1945525291828794D+02  0.5140000000000000D-01  0.5140000000000000D-01       1.00000000
  242  0.4688715953307393D+04  0.4678988326848248D+04  0.1945525291828794D+02  0.1945525291828794D+02  0.5140000000000000D-01  0.5140000000000000D-01       1.00000000
  243  0.4708171206225680D+04  0.4698443579766536D+04  0.1945525291828794D+02  0.1945525291828794D+02  0.5140000000000000D-01  0.5140000000000000D-01       1.00000000
  244  0.4727626459143969D+04  0.4717898832684825D+04  0.1945525291828794D+02  0.1945525291828794D+02  0.5140000000000000D-01  0.5140000000000000D-01       1.00000000
  245  0.4747081712062256D+04  0.4737354085603112D+04  0.1945525291828794D+02  0.1945525291828794D+02  0.5140000000000000D-01  0.5140000000000000D-01       1.00000000
  246  0.4766536964980544D+04  0.4756809338521400D+04  0.1945525291828794D+02  0.1945525291828794D+02  0.5140000000000000D-01  0.5140000000000000D-01       1.00000000
  247  0.4785992217898833D+04  0.4776264591439689D+04  0.1945525291828794D+02  0.1945525291828794D+02  0.5140000000000000D-01  0.5140000000000000D-01       1.00000000
  248  0.4805447470817120D+04  0.4795719844357976D+04  0.1945525291828794D+02  0.1945525291828794D+02  0.5140000000000000D-01  0.5140000000000000D-01       1.00000000
  249  0.4824902723735408D+04  0.4815175097276264D+04  0.1945525291828794D+02  0.1945525291828794D+02  0.5140000000000000D-01  0.5140000000000000D-01       1.00000000
  250  0.4844357976653696D+04  0.4834630350194552D+04  0.1945525291828794D+02  0.1945525291828794D+02  0.5140000000000000D-01  0.5140000000000000D-01       1.00000000
  251  0.4863813229571984D+04  0.4854085603112841D+04  0.1945525291828794D+02  0.1945525291828794D+02  0.5140000000000000D-01  0.5140000000000000D-01       1.00000000
  252  0.4883268482490272D+04  0.4873540856031128D+04  0.1945525291828794D+02  0.1945525291828794D+02  0.5140000000000000D-01  0.5140000000000000D-01       1.00000000
  253  0.4902723735408560D+04  0.4892996108949415D+04  0.1945525291828794D+02  0.1945525291828794D+02  0.5140000000000000D-01  0.5140000000000000D-01       1.00000000
  254  0.4922178988326848D+04  0.4912451361867704D+04  0.1945525291828794D+02  0.1945525291828794D+02  0.5140000000000000D-01  0.5140000000000000D-01       1.00000000
  255  0.4941634241245136D+04  0.4931906614785992D+04  0.1945525291828794D+02  0.1945525291828794D+02  0.5140000000000000D-01  0.5140000000000000D-01       1.00000000
  256  0.4961089494163423D+04  0.4951361867704280D+04  0.1945525291828794D+02  0.1945525291828794D+02  0.5140000000000000D-01  0.5140000000000000D-01       1.00000000
  257  0.4980544747081712D+04  0.4970817120622567D+04  0.1945525291828794D+02  0.1945525291828794D+02  0.5140000000000000D-01  0.5140000000000000D-01       1.00000000
  258  0.5000000000000000D+04  0.4990272373540856D+04  0.1945525291828794D+02  0.1945525291828794D+02  0.5140000000000000D-01  0.5140000000000000D-01       1.00000000
